0.0
0.0
0.0
2.612
0.0
0.0
3.193
0.0
0.0
391.962
667.415
657.345
326.485
182.234
741.698
762.663
759.419
603.295
680.025
722.461
710.692
759.309
1648.116
799.257
716.288
681.319
1016.256
1022.669
587.556
5.806
0.0
0.0
0.0
654.961
1305.267
617.42
0.066
0.0
0.0
0.0
0.0
0.421
0.0
1.11
0.0
428.409
649.158
709.635
9.122
0.0
0.0
0.0
0.11
0.0
0.428
0.11
596.526
629.706
468.462
5.354
379.129
743.172
200.026
0.0
0.0
0.0
0.0
0.0
412.944
786.238
677.116
650.055
0.086
0.0
0.0
388.419
0.0
0.0
0.0
0.0
337.402
751.263
721.905
0.32
0.0
0.0
0.0
421.341
1290.463
0.0
0.0
0.551
5.031
0.36
0.101
0.0
0.704
6.164
0.0
0.0
0.0
0.303
0.158
0.0
0.0
6.907
0.132
0.0
0.387
73.365
0.703
0.0
0.0
0.101
0.303
0.0
0.078
0.0
3.602
0.596
0.066
4.372
16.37
2.321
0.3
0.0
0.0
0.0
0.0
0.297
0.132
0.066
1.368
0.342
1.076
0.0
0.066
0.0
0.0
0.0
0.112
1.263
0.0
0.0
0.297
0.0
0.0
0.0
0.066
0.303
0.0
0.147
0.0
0.0
0.0
1.626
0.0
0.0
0.0
0.066
0.0
0.178
0.0
0.404
8.178
14.072
0.132
0.0
0.435
0.078
0.303
7.554
26.09
0.0
0.066
0.554
0.369
4.541
0.0
0.0
0.0
0.054
0.132
0.303
0.0
0.42
0.0
0.147
0.156
0.303
0.0
0.178
0.233
0.0
1.313
0.0
0.157
0.0
0.0
0.0
0.0
0.0
0.0
2.388
0.066
110.963
0.0
0.0
0.0
26.642
5.627
0.0
0.0
0.0
0.0
0.0
0.0
3.94
23.165
1.056
1.32
14.393
113.99
582.399
1.466
0.297
0.0
0.0
0.0
0.0
2.233
14.436
741.657
661.534
715.289
620.929
580.057
407.922
1.361
0.132
0.226
0.101
0.0
0.12
0.132
1.443
0.552
0.066
0.0
0.0
0.0
0.0
0.0
0.0
0.132
0.0
0.132
0.463
0.0
0.0
0.0
0.0
0.0
0.101
0.132
0.0
0.0
0.198
0.0
0.0
0.0
0.0
0.797
0.0
0.101
0.0
287.82
607.076
623.839
696.508
706.136
681.251
640.582
869.768
585.256
695.417
675.624
675.856
141.715
0.198
0.066
0.0
0.0
0.0
0.066
97.258
7.779
7.558
1.425
0.369
0.292
0.112
0.132
0.156
0.0
0.086
0.101
65.385
16.904
0.0
0.0
0.0
0.0
0.0
0.0
6.792
0.0
0.147
0.0
381.256
647.944
681.992
706.42
654.232
777.765
317.889
114.21
43.287
0.0
0.0
16.673
490.735
615.013
587.805
696.336
682.391
261.365
0.132
0.233
0.0
0.0
44.492
0.0
0.0
0.0
0.292
0.132
0.0
0.36
13.368
409.683
274.97
257.216
140.461
593.775
734.842
747.581
800.953
293.255
0.0
48.296
0.702
1.015
0.451
52.845
8.925
0.591
0.144
0.0
0.0
0.0
2.753
1.21
0.0
0.147
153.068
507.888
641.881
435.941
0.0
0.318
0.0
0.366
0.054
0.487
4.549
0.0
0.158
0.0
0.0
0.0
0.0
0.0
0.0
90.148
0.0
0.105
15.8
0.387
43.354
0.0
0.557
0.869
25.517
18.078
59.019
0.0
0.661
0.451
0.571
0.105
0.0
0.0
0.393
0.0
0.0
0.0
0.0
0.0
0.066
0.0
0.0
0.0
0.0
0.0
0.066
0.0
0.0
0.0
0.0
0.0
0.0
0.0
0.0
0.0
0.0
0.0
0.101
0.0
0.0
0.0
0.0
0.0
4.91
0.132
0.101
0.0
0.0
0.264
0.0
0.0
0.0
8.85
75.98
14.238
460.971
719.904
550.905
262.459
28.627
33.35
17.404
11.354
127.748
15.528
0.0
0.0
0.0
0.0
0.0
17.234
0.569
0.087
3.05
0.0
0.0
0.622
0.0
0.0
0.0
84.733
0.0
26.398
7.5
0.066
0.24
0.159
0.878
7.087
0.348
0.0
0.306
0.801
6.261
0.0
70.087
66.731
61.906
75.261
25.564
4.038
0.291
2.744
0.0
0.0
0.054
0.0
0.066
0.0
2.368
0.0
0.0
0.0
0.0
0.537
5.856
0.198
0.105
1.708
0.418
0.137
2.622
0.623
0.222
0.066
0.108
0.436
0.303
0.24
0.0
0.252
0.0
0.709
0.156
0.108
2.345
48.329
40.907
36.673
48.635
0.0
0.066
0.0
0.0
0.0
0.054
0.066
0.954
5.732
0.0
0.238
6.506
0.087
0.054
0.0
0.054
0.0
0.0
0.0
75.394
0.536
0.231
3.914
2.307
0.147
0.0
0.0
0.0
0.087
0.0
3.032
0.748
0.457
0.57
0.0
6.317
0.0
0.396
0.978
0.0
0.969
0.054
0.0
0.087
0.054
0.155
0.154
0.147
0.0
0.054
0.312
5.101
1.288
0.171
0.0
0.147
0.0
8.327
9.729
0.0
0.087
0.0
0.618
5.705
0.654
5.924
0.0
0.179
0.066
0.105
0.054
0.0
0.0
0.0
0.154
5.792
0.207
6.559
0.414
0.313
6.196
0.0
0.396
0.147
0.105
0.184
5.401
0.171
0.597
9.965
0.764
0.852
0.494
0.195
0.132
0.392
4.919
0.898
0.425
6.096
0.222
0.0
0.066
0.0
0.363
0.054
0.537
0.0
0.054
0.241
0.0
0.0
0.0
0.0
0.105
0.0
0.105
0.086
0.0
0.303
0.105
0.55
0.066
0.0
0.0
0.141
12.209
1.923
5.72
0.832
0.105
0.0
0.0
0.198
0.0
0.159
1.094
0.054
0.132
0.0
0.154
0.0
0.087
0.0
0.0
0.105
0.0
0.0
0.0
0.0
0.087
0.0
8.297
0.0
0.0
0.0
0.0
0.0
0.427
9.856
0.0
0.054
0.159
0.054
0.0
0.18
0.09
0.36
0.09
0.36
0.09
0.36
0.09
0.27
0.09
0.27
0.09
0.18
0.0
0.0
0.0
0.0
0.0
0.0
0.0
0.0
0.0
0.0
0.0
0.0
25.635
533.246
691.048
183.894
73.906
0.464
0.0
0.066
0.161
0.0
0.0
0.558
45.667
19.731
75.399
27.693
18.474
0.0
9.247
0.0
6.262
0.0
0.237
23.36
0.0
0.042
0.0
0.634
24.071
284.656
489.781
24.007
2.151
0.089
0.108
1.211
0.855
0.948
0.0
0.066
0.066
0.795
0.0
0.0
0.479
0.213
0.129
0.66
0.0
0.066
0.635
0.0
0.0
0.0
0.0
0.105
0.0
0.132
0.188
3.296
0.237
10.793
0.0
0.0
3.475
1.251
1.131
0.261
0.177
0.186
0.0
0.354
0.0
0.136
0.0
0.0
0.09
0.105
0.0
0.132
0.112
0.361
0.939
1.324
0.38
13.484
0.42
0.241
0.0
0.231
0.0
0.054
0.0
0.108
0.054
0.186
0.21
0.327
0.186
0.246
1.107
0.066
0.315
0.0
0.0
0.0
0.0
0.105
0.801
0.63
0.0
0.0
0.087
0.132
0.21
0.0
0.0
0.0
0.0
0.237
0.553
0.23
0.23
0.425
0.194
0.098
0.098
0.733
1.133
0.995
0.362
0.23
0.164
0.0
0.9
0.0
0.491
0.0
0.425
0.105
0.0
0.0
0.101
0.0
0.192
0.099
0.0
0.042
0.136
0.09
0.0
0.0
0.397
0.066
0.105
0.593
0.085
1.25
0.235
0.192
0.0
0.0
0.0
0.0
0.0
0.132
0.594
0.0
25.602
0.27
0.0
5.914
0.351
2.592
0.14
0.266
0.074
0.066
0.074
0.074
0.0
0.784
0.0
0.074
0.347
1.999
6.573
0.066
0.0
0.066
0.192
0.0
0.0
0.0
0.0
0.0
0.0
0.0
0.0
0.0
1.12
15.934
0.0
0.599
0.237
0.316
0.098
0.098
0.098
0.164
0.29
0.0
0.0
0.066
0.0
0.054
0.0
0.692
0.1
0.0
0.171
0.101
0.0
0.0
7.788
2.076
0.0
0.729
0.0
0.0