1500
2710
7078
3999
8393
3606
6278
4167
7165
9116
0378
5461
2545
3224
2167
0273
2757
7477
9103
4052
7961
5723
0182
9895
4110
4195
0848
9949
5012
6347
5147
9701
2765
2652
3422
4582
3169
7696
7687
5888
2009
2561
0105
1161
8747
5618
2401
4385
7472
0215
7292
6683
2459
7964
1307
8934
9300
8163
6793
2650
9752
6657
1140
4194
8624
6050
9057
1128
8367
1605
9975
6039
4468
1622
3307
0447
3449
5759
7841
5776
3657
0483
7762
9806
0054
3856
8926
4514
6001
8109
0549
0433
0518
9454
7717
4631
4458
6782
0603
4671
7920
1040
0782
2828
2327
3748
2283
2862
0194
0351
3741
0347
7903
3275
0482
0031
7565
1462
4937
8184
2575
3505
4669
8036
4080
3384
6246
1237
6229
2311
5970
8448
3162
0861
3267
7817
3857
6318
6788
8388
6672
7278
9101
5698
1836
9821
4973
0727
3872
2345
6720
4447
9203
2516
7797
5678
7692
8882
9157
4205
8253
9717
3954
2231
2785
8333
0612
4614
4314
1886
8809
2574
3662
7765
0563
6851
8905
8896
1137
1761
0926
8241
4714
2806
0229
8981
9505
7655
2894
3810
0377
1962
9718
2411
7564
8808
2921
1924
4804
4217
3109
6878
7221
8250
4482
7426
8038
0386
2316
5018
4463
1865
4197
4593
5636
9676
0230
2365
4822
4139
5519
5234
1947
7204
8837
7599
3413
2595
3717
3933
8681
7829
8618
1518
1819
3130
2770
2153
5323
2075
8248
8024
3433
4997
4685
1806
0455
9429
1872
1127
4181
4362
1354
7980
9193
4055
3985
1975
3826
3547
9391
7983
7752
1431
1759
0893
8014
6478
3884
6652
3907
7342
2409
4580
3627
5342
6564
9370
0610
5484
1262
3530
3593
5458
3157
4500
5432
7821
4196
7040
7479
9054
1390
1179
6471
2523
6330
5339
2047
8600
2541
2084
8124
6936
2157
5835
3467
1380
3776
2598
2146
0088
0992
9274
0652
6116
1070
9317
6047
1496
8991
6934
2450
4231
7304
1875
2978
8009
7294
7611
2714
4768
9331
3012
0460
3150
7835
4116
7698
8842
2636
2261
5572
1008
3665
0624
8627
4062
9959
5551
0178
5913
4268
2020
0385
5329
6578
5284
0292
7066
8061
8830
3013
9978
9047
0806
8100
6198
7945
3357
8832
5800
3429
2441
9170
3944
4416
1530
9788
0359
5803
9176
5791
1517
1438
7711
5312
3690
7524
9988
2472
1426
3293
6440
2096
4368
8775
1306
0627
7582
4280
4918
5558
8951
9044
9543
4538
4232
3424
1880
6175
5356
5802
8011
0442
3305
1690
3182
0571
9413
8772
6611
0317
4575
3232
7703
4675
1337
9561
7767
5236
3396
1540
3745
8546
8102
6687
7779
1536
8694
5627
7145
9283
7588
1183
6651
1076
5684
5753
8626
7394
9793
2707
8465
8636
6675
6668
0718
9832
0401
0145
1195
6528
9679
6329
2434
1014
9980
3118
9546
1094
5699
9581
6694
5691
1088
8852
0872
3808
9363
9071
2764
3208
3325
0339
0653
6136
9994
8215
8980
1035
0600
0570
2947
4040
3286
6853
2537
2838
1951
5670
7600
0032
1345
0332
5033
4410
2346
6757
8442
8425
5072
3123
3533
0601
8006
6978
2533
6728
0567
2391
0132
0814
5513
9474
1641
9294
4967
3010
7194
0013
2553
6740
1215
3772
4509
0687
4099
8595
1117
6286
0374
9866
1200
6078
6697
4679
6663
3720
0952
0728
1392
0141
3390
7307
7848
5410
0463
7974
4622
3595
1378
9669
4486
5231
8262
9969
9483
0183
8020
4864
7230
2162
8783
9234
0867
4008
8327
8265
7593
5728
8543
1121
6308
6765
5316
5897
3878
9159
5043
7660
5599
6181
9844
9569
3377
1973
4446
2003
4303
1500
2710
7078
3999
8393
3606
6278
4167
7165
9116
0378
5461
2545
3224
2167
0273
2757
7477
9103
4052
7961
5723
0182
9895
4110
4195
0848
9949
5012
6347
5147
9701
2765
2652
3422
4582
3169
7696
7687
5888
2009
2561
0105
1161
8747
5618
2401
4385
7472
0215
7292
6683
2459
7964
1307
8934
9300
8163
6793
2650
9752
6657
1140
4194
8624
6050
9057
1128
8367
1605
9975
6039
4468
1622
3307
0447
3449
5759
7841
5776
3657
0483
7762
9806
0054
3856
8926
4514
6001
8109
0549
0433
0518
9454
7717
4631
4458
6782
0603
4671
7920
1040
0782
2828
2327
3748
2283
2862
0194
0351
3741
0347
7903
3275
0482
0031
7565
1462
4937
8184
2575
3505
4669
8036
4080
3384
6246
1237
6229
2311
5970
8448
3162
0861
3267
7817
3857
6318
6788
8388
6672
7278
9101
5698
1836
9821
4973
0727
3872
2345
6720
4447
9203
2516
7797
5678
7692
8882
9157
4205
8253
9717
3954
2231
2785
8333
0612
4614
4314
1886
8809
2574
3662
7765
0563
6851
8905
8896
1137
1761
0926
8241
4714
2806
0229
8981
9505
7655
2894
3810
0377
1962
9718
2411
7564
8808
2921
1924
4804
4217
3109
6878
7221
8250
4482
7426
8038
0386
2316
5018
4463
1865
4197
4593
5636
9676
0230
2365
4822
4139
5519
5234
1947
7204
8837
7599
3413
2595
3717
3933
8681
7829
8618
1518
1819
3130
2770
2153
5323
2075
8248
8024
3433
4997
4685
1806
0455
9429
1872
1127
4181
4362
1354
7980
9193
4055
3985
1975
3826
3547
9391
7983
7752
1431
1759
0893
8014
6478
3884
6652
3907
7342
2409
4580
3627
5342
6564
9370
0610
5484
1262
3530
3593
5458
3157
4500
5432
7821
4196
7040
7479
9054
1390
1179
6471
2523
6330
5339
2047
8600
2541
2084
8124
6936
2157
5835
3467
1380
3776
2598
2146
0088
0992
9274
0652
6116
1070
9317
6047
1496
8991
6934
2450
4231
7304
1875
2978
8009
7294
7611
2714
4768
9331
3012
0460
3150
7835
4116
7698
8842
2636
2261
5572
1008
3665
0624
8627
4062
9959
5551
0178
5913
4268
2020
0385
5329
6578
5284
0292
7066
8061
8830
3013
9978
9047
0806
8100
6198
7945
3357
8832
5800
3429
2441
9170
3944
4416
1530
9788
0359
5803
9176
5791
1517
1438
7711
5312
3690
7524
9988
2472
1426
3293
6440
2096
4368
8775
1306
0627
7582
4280
4918
5558
8951
9044
9543
4538
4232
3424
1880
6175
5356
5802
8011
0442
3305
1690
3182
0571
9413
8772
6611
0317
4575
3232
7703
4675
1337
9561
7767
5236
3396
1540
3745
8546
8102
6687
7779
1536
8694
5627
7145
9283
7588
1183
6651
1076
5684
5753
8626
7394
9793
2707
8465
8636
6675
6668
0718
9832
0401
0145
1195
6528
9679
6329
2434
1014
9980
3118
9546
1094
5699
9581
6694
5691
1088
8852
0872
3808
9363
9071
2764
3208
3325
0339
0653
6136
9994
8215
8980
1035
0600
0570
2947
4040
3286
6853
2537
2838
1951
5670
7600
0032
1345
0332
5033
4410
2346
6757
8442
8425
5072
3123
3533
0601
8006
6978
2533
6728
0567
2391
0132
0814
5513
9474
1641
9294
4967
3010
7194
0013
2553
6740
1215
3772
4509
0687
4099
8595
1117
6286
0374
9866
1200
6078
6697
4679
6663
3720
0952
0728
1392
0141
3390
7307
7848
5410
0463
7974
4622
3595
1378
9669
4486
5231
8262
9969
9483
0183
8020
4864
7230
2162
8783
9234
0867
4008
8327
8265
7593
5728
8543
1121
6308
6765
5316
5897
3878
9159
5043
7660
5599
6181
9844
9569
3377
1973
4446
2003
4303

