0.054
0.414
360.773
589.617
0.272
182.756
2.762
0.678
0.831
1355.21
3.152
5.331
241.942
3439.746
49.857
6.302
0.885
1.443
0.501
0.58
0.344
0.461
145.85193333333333
1.8686
1.4953333333333334
0.7671333333333333
0.657
0.7882666666666667
0.8271333333333333
0.4784
0.8045333333333333
120.35233333333333
0.9298
0.7021333333333334
0.9544
1.4202
0.6736
1.2957333333333332
1.298
1.5694666666666666
1.0766
0.9305333333333333
1.6442
1.4826
0.7184666666666667
0.7617333333333334
1.8421333333333334
0.8842
1.1931333333333334
1.4089333333333334
1.1970666666666667
1.2768666666666666
1.3309333333333333
0.8220666666666667
2.7304666666666666
1.7112
1.862
0.7446
0.9988
2.910933333333333
0.7284666666666667
0.8784
0.5747333333333333
0.615
1.0943333333333334
0.9769333333333333
0.9306
4.097
1.1102666666666667
2.2318
2.2068
0.5274666666666666
4.4556
0.9989333333333333
0.5124
0.3187333333333333
0.6298
0.5793333333333334
1.028
3.874733333333333
0.34786666666666666
26.1796
0.8048666666666666
24.826733333333333
0.6616
43.363
13.703933333333334